Run n.ยบ 1
                               Restaurant - Description of the internal state

 CH WT  C00 C01 C02 C03 C04 C05 C06 C07 C08 C09 C10 C11 C12 C13 C14 C15 C16 C17 C18 C19  ATT FIE 1st las
  0  0    1   1   1   1   1   1   1   1   1   1   1   1   1   1   1   1   1   1   1   1    0   0   0  -1
  0  0    1   2   1   1   1   1   1   1   1   1   1   1   1   1   1   1   1   1   1   1    1   0   1  -1
  0  0    1   2   1   1   1   1   1   1   1   1   1   1   1   1   1   2   1   1   1   1    2   0   1  -1
  0  0    1   2   1   1   2   1   1   1   1   1   1   1   1   1   1   2   1   1   1   1    3   0   1  -1
  0  0    1   2   1   1   2   1   1   1   1   1   1   1   1   1   1   2   1   1   2   1    4   0   1  -1
  0  0    2   2   1   1   2   1   1   1   1   1   1   1   1   1   1   2   1   1   2   1    5   0   1  -1
  0  0    2   2   1   1   2   1   1   1   1   1   1   1   1   1   2   2   1   1   2   1    6   0   1  -1
  0  0    2   2   1   2   2   1   1   1   1   1   1   1   1   1   2   2   1   1   2   1    7   0   1  -1
  0  0    2   2   1   2   2   1   1   1   1   1   1   1   1   1   2   2   1   2   2   1    8   0   1  -1
  0  0    2   2   1   2   2   1   1   1   1   1   1   1   1   2   2   2   1   2   2   1    9   0   1  -1
  0  0    2   2   1   2   2   1   1   1   1   1   1   1   1   2   2   2   2   2   2   1   10   0   1  -1
  0  0    2   2   1   2   2   1   1   1   2   1   1   1   1   2   2   2   2   2   2   1   11   0   1  -1
  0  0    2   2   1   2   2   1   1   1   2   1   1   2   1   2   2   2   2   2   2   1   12   0   1  -1
  0  0    2   2   1   2   2   1   1   2   2   1   1   2   1   2   2   2   2   2   2   1   13   0   1  -1
  0  0    2   2   1   2   2   1   1   2   2   1   2   2   1   2   2   2   2   2   2   1   14   0   1  -1
  0  0    2   2   1   2   2   1   2   2   2   1   2   2   1   2   2   2   2   2   2   1   15   0   1  -1
  0  0    2   2   2   2   2   1   2   2   2   1   2   2   1   2   2   2   2   2   2   1   16   0   1  -1
  0  0    2   2   2   2   2   1   2   2   2   2   2   2   1   2   2   2   2   2   2   1   17   0   1  -1
  0  0    2   2   2   2   2   2   2   2   2   2   2   2   1   2   2   2   2   2   2   1   18   0   1  -1
  0  0    2   2   2   2   2   2   2   2   2   2   2   2   2   2   2   2   2   2   2   1   19   0   1  -1
  0  0    2   2   2   2   2   2   2   2   2   2   2   2   2   2   2   2   2   2   2   2   20   0   1  19
  0  0    2   3   2   2   2   2   2   2   2   2   2   2   2   2   2   2   2   2   2   4   20   0   1  19
  0  0    2   3   2   2   2   2   2   2   2   2   2   2   2   2   2   4   2   2   2   4   20   0   1  19
  0  0    2   3   2   2   4   2   2   2   2   2   2   2   2   2   2   4   2   2   2   4   20   0   1  19
  0  0    2   3   2   2   4   2   2   2   2   2   2   2   2   2   2   4   2   2   4   4   20   0   1  19
  0  0    2   3   2   2   4   2   2   2   2   2   2   2   2   2   4   4   2   2   4   4   20   0   1  19
  0  0    4   3   2   2   4   2   2   2   2   2   2   2   2   2   4   4   2   2   4   4   20   0   1  19
  0  0    4   3   2   4   4   2   2   2   2   2   2   2   2   2   4   4   2   2   4   4   20   0   1  19
  0  0    4   3   2   4   4   2   2   2   2   2   2   2   2   2   4   4   2   4   4   4   20   0   1  19
  0  0    4   3   2   4   4   2   2   2   2   2   2   2   2   4   4   4   2   4   4   4   20   0   1  19
  0  0    4   3   2   4   4   2   2   2   2   2   2   2   2   4   4   4   4   4   4   4   20   0   1  19
  0  0    4   3   2   4   4   2   2   2   4   2   2   2   2   4   4   4   4   4   4   4   20   0   1  19
  0  0    4   3   2   4   4   2   2   2   4   2   2   4   2   4   4   4   4   4   4   4   20   0   1  19
  0  0    4   3   2   4   4   2   2   4   4   2   2   4   2   4   4   4   4   4   4   4   20   0   1  19
  0  0    4   3   2   4   4   2   2   4   4   2   4   4   2   4   4   4   4   4   4   4   20   0   1  19
  0  1    4   3   2   4   4   2   2   4   4   2   4   4   2   4   4   4   4   4   4   4   20   0   1  19
  0  1    4   3   2   4   4   2   4   4   4   2   4   4   2   4   4   4   4   4   4   4   20   0   1  19
  0  1    4   3   4   4   4   2   4   4   4   2   4   4   2   4   4   4   4   4   4   4   20   0   1  19
  0  1    4   3   4   4   4   2   4   4   4   4   4   4   2   4   4   4   4   4   4   4   20   0   1  19
  0  1    4   3   4   4   4   2   4   4   4   4   4   4   2   4   4   4   4   4   4   4   20   0   1  19
  0  1    4   3   4   4   4   2   4   4   4   4   4   4   4   4   4   4   4   4   4   4   20   0   1  19
  0  1    4   3   4   4   4   4   4   4   4   4   4   4   4   4   4   4   4   4   4   4   20   0   1  19
  0  0    4   3   4   4   4   4   4   4   4   4   4   4   4   4   4   4   4   4   4   4   20   0   1  19
  0  0    4   4   4   4   4   4   4   4   4   4   4   4   4   4   4   4   4   4   4   4   20   0   1  19
  1  0    4   4   4   4   4   4   4   4   4   4   4   4   4   4   4   4   4   4   4   4   20   0   1  19
  2  0    4   4   4   4   4   4   4   4   4   4   4   4   4   4   4   4   4   4   4   4   20   0   1  19
  2  2    4   4   4   4   4   4   4   4   4   4   4   4   4   4   4   4   4   4   4   4   20   0   1  19
  2  2    4   4   4   4   4   4   4   4   4   4   4   4   4   4   4   5   4   4   4   4   20   0   1  19
  2  2    4   4   4   4   5   4   4   4   4   4   4   4   4   4   4   5   4   4   4   4   20   0   1  19
  2  2    4   4   4   4   5   4   4   4   4   4   4   4   4   4   4   5   4   4   5   4   20   0   1  19
  2  2    4   4   4   4   5   4   4   4   4   4   4   4   4   4   5   5   4   4   5   4   20   0   1  19
  2  2    5   4   4   4   5   4   4   4   4   4   4   4   4   4   5   5   4   4   5   4   20   0   1  19
  2  2    5   4   4   5   5   4   4   4   4   4   4   4   4   4   5   5   4   4   5   4   20   0   1  19
  2  2    5   4   4   5   5   4   4   4   4   4   4   4   4   4   5   5   4   5   5   4   20   0   1  19
  2  2    5   4   4   5   5   4   4   4   4   4   4   4   4   5   5   5   4   5   5   4   20   0   1  19
  2  2    5   4   4   5   5   4   4   4   4   4   4   4   4   5   5   5   5   5   5   4   20   0   1  19
  2  2    5   4   4   5   5   4   4   4   5   4   4   4   4   5   5   5   5   5   5   4   20   0   1  19
  2  2    5   4   4   5   5   4   4   4   5   4   4   5   4   5   5   5   5   5   5   4   20   0   1  19
  2  2    5   4   4   5   5   4   4   5   5   4   4   5   4   5   5   5   5   5   5   4   20   0   1  19
  2  2    5   4   4   5   5   4   5   5   5   4   4   5   4   5   5   5   5   5   5   4   20   0   1  19
  2  2    5   4   4   5   5   4   5   5   5   4   5   5   4   5   5   5   5   5   5   4   20   0   1  19
  2  2    5   4   5   5   5   4   5   5   5   4   5   5   4   5   5   5   5   5   5   4   20   0   1  19
  2  2    5   4   5   5   5   4   5   5   5   5   5   5   4   5   5   5   5   5   5   4   20   0   1  19
  2  2    5   4   5   5   5   4   5   5   5   5   5   5   4   5   5   5   5   5   5   5   20   0   1  19
  2  2    5   4   5   5   5   4   5   5   5   5   5   5   5   5   5   5   5   5   5   5   20   0   1  19
  2  2    5   4   5   5   5   5   5   5   5   5   5   5   5   5   5   5   5   5   5   5   20   0   1  19
  2  0    5   4   5   5   5   5   5   5   5   5   5   5   5   5   5   5   5   5   5   5   20   0   1  19
  2  0    5   5   5   5   5   5   5   5   5   5   5   5   5   5   5   5   5   5   5   5   20   0   1  19
  2  0    5   5   5   5   5   5   5   5   5   5   5   5   5   5   6   5   5   5   5   5   20   1   1  19
  2  0    5   5   6   5   5   5   5   5   5   5   5   5   5   5   6   5   5   5   5   5   20   2   1  19
  2  0    5   5   6   5   5   5   5   5   5   5   5   5   5   6   6   5   5   5   5   5   20   3   1  19
  2  0    5   5   6   5   5   5   5   6   5   5   5   5   5   6   6   5   5   5   5   5   20   4   1  19
  2  0    5   6   6   5   5   5   5   6   5   5   5   5   5   6   6   5   5   5   5   5   20   5   1  19
  2  0    5   6   6   5   5   5   5   6   5   5   5   5   5   6   6   5   5   5   6   5   20   6   1  19
  2  0    5   6   6   5   5   5   5   6   5   5   5   5   6   6   6   5   5   5   6   5   20   7   1  19
  2  0    5   6   6   5   5   5   6   6   5   5   5   5   6   6   6   5   5   5   6   5   20   8   1  19
  2  0    6   6   6   5   5   5   6   6   5   5   5   5   6   6   6   5   5   5   6   5   20   9   1  19
  2  0    6   6   6   5   5   5   6   6   5   5   5   5   6   6   6   5   5   6   6   5   20  10   1  19
  2  0    6   6   6   5   5   5   6   6   5   5   5   6   6   6   6   5   5   6   6   5   20  11   1  19
  2  0    6   6   6   5   5   5   6   6   5   5   5   6   6   6   6   5   6   6   6   5   20  12   1  19
  2  0    6   6   6   5   5   5   6   6   5   5   6   6   6   6   6   5   6   6   6   5   20  13   1  19
  2  0    6   6   6   5   5   5   6   6   5   5   6   6   6   6   6   6   6   6   6   5   20  14   1  19
  2  0    6   6   6   5   5   5   6   6   5   6   6   6   6   6   6   6   6   6   6   5   20  15   1  19
  2  0    6   6   6   6   5   5   6   6   5   6   6   6   6   6   6   6   6   6   6   5   20  16   1  19
  2  0    6   6   6   6   5   5   6   6   6   6   6   6   6   6   6   6   6   6   6   5   20  17   1  19
  2  0    6   6   6   6   5   5   6   6   6   6   6   6   6   6   6   6   6   6   6   6   20  18   1  19
  2  0    6   6   6   6   5   6   6   6   6   6   6   6   6   6   6   6   6   6   6   6   20  19   1  19
  2  0    6   6   6   6   6   6   6   6   6   6   6   6   6   6   6   6   6   6   6   6   20  20   1  19
  2  0    6   6   6   6   6   6   6   6   6   6   6   6   6   6   8   6   6   6   6   6   20  20   1  19
  2  0    6   6   8   6   6   6   6   6   6   6   6   6   6   6   8   6   6   6   6   6   20  20   1  19
  2  0    6   6   8   6   6   6   6   6   6   6   6   6   6   8   8   6   6   6   6   6   20  20   1  19
  2  0    6   6   8   6   6   6   6   8   6   6   6   6   6   8   8   6   6   6   6   6   20  20   1  19
  2  0    6   8   8   6   6   6   6   8   6   6   6   6   6   8   8   6   6   6   6   6   20  20   1  19
  2  0    6   8   8   6   6   6   6   8   6   6   6   6   6   8   8   6   6   6   8   6   20  20   1  19
  2  0    6   8   8   6   6   6   6   8   6   6   6   6   8   8   8   6   6   6   8   6   20  20   1  19
  2  0    6   8   8   6   6   6   8   8   6   6   6   6   8   8   8   6   6   6   8   6   20  20   1  19
  2  0    8   8   8   6   6   6   8   8   6   6   6   6   8   8   8   6   6   6   8   6   20  20   1  19
  2  0    8   8   8   6   6   6   8   8   6   6   6   6   8   8   8   6   6   8   8   6   20  20   1  19
  2  0    8   8   8   6   6   6   8   8   6   6   6   6   8   8   8   6   8   8   8   6   20  20   1  19
  2  0    8   8   8   6   6   6   8   8   6   6   6   8   8   8   8   6   8   8   8   6   20  20   1  19
  2  0    8   8   8   6   6   6   8   8   6   6   8   8   8   8   8   6   8   8   8   6   20  20   1  19
  2  0    8   8   8   6   6   6   8   8   6   6   8   8   8   8   8   8   8   8   8   6   20  20   1  19
  2  0    8   8   8   6   6   6   8   8   6   8   8   8   8   8   8   8   8   8   8   6   20  20   1  19
  2  0    8   8   8   8   6   6   8   8   6   8   8   8   8   8   8   8   8   8   8   6   20  20   1  19
  2  0    8   8   8   8   6   6   8   8   8   8   8   8   8   8   8   8   8   8   8   6   20  20   1  19
  2  0    8   8   8   8   6   6   8   8   8   8   8   8   8   8   8   8   8   8   8   7   20  20   1  19
  2  0    8   8   8   8   6   8   8   8   8   8   8   8   8   8   8   8   8   8   8   7   20  20   1  19
  2  0    8   8   8   8   8   8   8   8   8   8   8   8   8   8   8   8   8   8   8   7   20  20   1  19
  2  3    8   8   8   8   8   8   8   8   8   8   8   8   8   8   8   8   8   8   8   7   20  20   1  19
  2  3    8   8   8   8   8   8   8   8   8   8   8   8   8   8   8   8   8   8   8   8   20  20   1  19