
[34;1mRun n.ยบ 1[0m
                               Restaurant - Description of the internal state

 CH WT  C00 C01 C02 C03 C04 C05 C06 C07 C08 C09 C10 C11 C12 C13 C14 C15 C16 C17 C18 C19  ATT FIE 1st las
  0  0    1   1   1   1   1   1   1   1   1   1   1   1   1   1   1   1   1   1   1   2    1   0  19  -1
  0  0    1   1   1   1   1   1   1   1   1   1   1   1   2   1   1   1   1   1   1   2    2   0  19  -1
  0  0    1   1   1   1   1   1   1   1   1   1   1   1   2   1   1   1   1   1   1   2    2   0  19  -1
  0  0    1   2   1   1   1   1   1   1   1   1   1   1   2   1   1   1   1   1   1   2    3   0  19  -1
  0  0    1   2   1   1   1   1   1   1   2   1   1   1   2   1   1   1   1   1   1   2    4   0  19  -1
  0  0    1   2   1   1   2   1   1   1   2   1   1   1   2   1   1   1   1   1   1   2    5   0  19  -1
  0  0    1   2   1   1   2   1   1   1   2   1   1   2   2   1   1   1   1   1   1   2    6   0  19  -1
  0  0    2   2   1   1   2   1   1   1   2   1   1   2   2   1   1   1   1   1   1   2    7   0  19  -1
  0  0    2   2   1   2   2   1   1   1   2   1   1   2   2   1   1   1   1   1   1   2    8   0  19  -1
  0  0    2   2   1   2   2   1   1   1   2   1   2   2   2   1   1   1   1   1   1   2    9   0  19  -1
  0  0    2   2   1   2   2   1   1   1   2   2   2   2   2   1   1   1   1   1   1   2   10   0  19  -1
  0  0    2   2   2   2   2   1   1   1   2   2   2   2   2   1   1   1   1   1   1   2   11   0  19  -1
  0  0    2   2   2   2   2   1   1   1   2   2   2   2   2   1   1   2   1   1   1   2   12   0  19  -1
  0  0    2   2   2   2   2   1   1   1   2   2   2   2   2   1   1   2   1   1   2   2   13   0  19  -1
  0  0    2   2   2   2   2   1   1   1   2   2   2   2   2   1   2   2   1   1   2   2   14   0  19  -1
  0  0    2   2   2   2   2   1   1   2   2   2   2   2   2   1   2   2   1   1   2   2   15   0  19  -1
  0  0    2   2   2   2   2   1   1   2   2   2   2   2   2   1   2   2   1   2   2   2   16   0  19  -1
  0  0    2   2   2   2   2   1   2   2   2   2   2   2   2   1   2   2   1   2   2   2   17   0  19  -1
  0  0    2   2   2   2   2   1   2   2   2   2   2   2   2   2   2   2   1   2   2   2   18   0  19  -1
  0  0    2   2   2   2   2   1   2   2   2   2   2   2   2   2   2   2   2   2   2   2   19   0  19  -1
  0  0    2   2   2   2   2   2   2   2   2   2   2   2   2   2   2   2   2   2   2   2   20   0  19   5
  0  0    2   2   2   2   2   2   2   2   2   2   2   2   2   2   2   2   2   2   2   3   20   0  19   5
  0  0    2   4   2   2   2   2   2   2   2   2   2   2   2   2   2   2   2   2   2   3   20   0  19   5
  0  0    2   4   2   2   2   2   2   2   2   2   2   2   4   2   2   2   2   2   2   3   20   0  19   5
  0  0    2   4   2   2   2   2   2   2   4   2   2   2   4   2   2   2   2   2   2   3   20   0  19   5
  0  0    2   4   2   2   4   2   2   2   4   2   2   2   4   2   2   2   2   2   2   3   20   0  19   5
  0  0    2   4   2   2   4   2   2   2   4   2   2   4   4   2   2   2   2   2   2   3   20   0  19   5
  0  0    4   4   2   2   4   2   2   2   4   2   2   4   4   2   2   2   2   2   2   3   20   0  19   5
  0  0    4   4   2   4   4   2   2   2   4   2   2   4   4   2   2   2   2   2   2   3   20   0  19   5
  0  0    4   4   2   4   4   2   2   2   4   2   4   4   4   2   2   2   2   2   2   3   20   0  19   5
  0  0    4   4   2   4   4   2   2   2   4   4   4   4   4   2   2   2   2   2   2   3   20   0  19   5
  0  0    4   4   4   4   4   2   2   2   4   4   4   4   4   2   2   2   2   2   2   3   20   0  19   5
  0  0    4   4   4   4   4   2   2   2   4   4   4   4   4   2   2   2   2   2   4   3   20   0  19   5
  0  0    4   4   4   4   4   2   2   2   4   4   4   4   4   2   4   2   2   2   4   3   20   0  19   5
  0  0    4   4   4   4   4   2   2   2   4   4   4   4   4   2   4   4   2   2   4   3   20   0  19   5
  0  0    4   4   4   4   4   2   2   4   4   4   4   4   4   2   4   4   2   2   4   3   20   0  19   5
  0  0    4   4   4   4   4   2   2   4   4   4   4   4   4   2   4   4   2   4   4   3   20   0  19   5
  0  0    4   4   4   4   4   2   4   4   4   4   4   4   4   2   4   4   2   4   4   3   20   0  19   5
  0  0    4   4   4   4   4   4   4   4   4   4   4   4   4   2   4   4   2   4   4   3   20   0  19   5
  0  0    4   4   4   4   4   4   4   4   4   4   4   4   4   4   4   4   2   4   4   3   20   0  19   5
  0  0    4   4   4   4   4   4   4   4   4   4   4   4   4   4   4   4   4   4   4   3   20   0  19   5
  0  0    4   4   4   4   4   4   4   4   4   4   4   4   4   4   4   4   4   4   4   4   20   0  19   5
  0  1    4   4   4   4   4   4   4   4   4   4   4   4   4   4   4   4   4   4   4   4   20   0  19   5
  0  0    4   4   4   4   4   4   4   4   4   4   4   4   4   4   4   4   4   4   4   4   20   0  19   5
  0  0    4   4   4   4   4   4   4   4   4   4   4   4   4   4   4   4   4   4   4   4   20   0  19   5
  1  0    4   4   4   4   4   4   4   4   4   4   4   4   4   4   4   4   4   4   4   4   20   0  19   5
  2  0    4   4   4   4   4   4   4   4   4   4   4   4   4   4   4   4   4   4   4   4   20   0  19   5
  2  2    4   4   4   4   4   4   4   4   4   4   4   4   4   4   4   4   4   4   4   4   20   0  19   5
  2  2    4   4   4   4   4   4   4   4   4   4   4   4   5   4   4   4   4   4   4   4   20   0  19   5
  2  2    4   4   4   4   5   4   4   4   4   4   4   4   5   4   4   4   4   4   4   4   20   0  19   5
  2  2    4   5   4   4   5   4   4   4   4   4   4   4   5   4   4   4   4   4   4   4   20   0  19   5
  2  2    5   5   4   4   5   4   4   4   4   4   4   4   5   4   4   4   4   4   4   4   20   0  19   5
  2  2    5   5   4   4   5   4   4   4   4   4   4   5   5   4   4   4   4   4   4   4   20   0  19   5
  2  2    5   5   4   4   5   4   4   4   5   4   4   5   5   4   4   4   4   4   4   4   20   0  19   5
  2  2    5   5   4   5   5   4   4   4   5   4   4   5   5   4   4   4   4   4   4   4   20   0  19   5
  2  2    5   5   4   5   5   4   4   4   5   4   4   5   5   4   4   4   4   4   5   4   20   0  19   5
  2  2    5   5   4   5   5   4   4   4   5   5   4   5   5   4   4   4   4   4   5   4   20   0  19   5
  2  2    5   5   5   5   5   4   4   4   5   5   4   5   5   4   4   4   4   4   5   4   20   0  19   5
  2  2    5   5   5   5   5   4   4   4   5   5   4   5   5   4   4   5   4   4   5   4   20   0  19   5
  2  2    5   5   5   5   5   4   4   4   5   5   5   5   5   4   4   5   4   4   5   4   20   0  19   5
  2  2    5   5   5   5   5   4   4   4   5   5   5   5   5   4   5   5   4   4   5   4   20   0  19   5
  2  2    5   5   5   5   5   4   4   4   5   5   5   5   5   4   5   5   4   5   5   4   20   0  19   5
  2  2    5   5   5   5   5   4   5   4   5   5   5   5   5   4   5   5   4   5   5   4   20   0  19   5
  2  2    5   5   5   5   5   4   5   5   5   5   5   5   5   4   5   5   4   5   5   4   20   0  19   5
  2  2    5   5   5   5   5   5   5   5   5   5   5   5   5   4   5   5   4   5   5   4   20   0  19   5
  2  2    5   5   5   5   5   5   5   5   5   5   5   5   5   5   5   5   4   5   5   4   20   0  19   5
  2  2    5   5   5   5   5   5   5   5   5   5   5   5   5   5   5   5   5   5   5   4   20   0  19   5
  2  0    5   5   5   5   5   5   5   5   5   5   5   5   5   5   5   5   5   5   5   4   20   0  19   5
  2  0    5   5   5   5   5   5   5   5   5   5   5   5   5   5   5   5   5   5   5   5   20   0  19   5
  2  0    5   5   5   5   5   5   5   5   5   5   5   5   5   5   5   5   5   5   6   5   20   0  19   5
  2  0    5   5   5   5   5   5   5   5   5   5   5   5   6   5   5   5   5   5   6   5   20   0  19   5
  2  0    6   5   5   5   5   5   5   5   5   5   5   5   6   5   5   5   5   5   6   5   20   0  19   5
  2  0    6   5   5   5   5   5   5   5   5   5   5   5   6   5   5   5   5   6   6   5   20   0  19   5
  2  0    6   5   5   5   6   5   5   5   5   5   5   5   6   5   5   5   5   6   6   5   20   0  19   5
  2  0    6   5   5   5   6   5   5   5   5   5   5   5   6   5   5   6   5   6   6   5   20   0  19   5
  2  0    6   5   5   6   6   5   5   5   5   5   5   5   6   5   5   6   5   6   6   5   20   0  19   5
  2  0    6   5   5   6   6   5   5   5   5   5   5   5   6   5   6   6   5   6   6   5   20   0  19   5
  2  0    6   5   5   6   6   5   5   5   6   5   5   5   6   5   6   6   5   6   6   5   20   0  19   5
  2  0    6   5   6   6   6   5   5   5   6   5   5   5   6   5   6   6   5   6   6   5   20   0  19   5
  2  0    6   6   6   6   6   5   5   5   6   5   5   5   6   5   6   6   5   6   6   5   20   0  19   5
  2  0    6   6   6   6   6   5   5   6   6   5   5   5   6   5   6   6   5   6   6   5   20   0  19   5
  2  0    6   6   6   6   6   5   6   6   6   5   5   5   6   5   6   6   5   6   6   5   20   0  19   5
  2  0    6   6   6   6   6   5   6   6   6   5   5   6   6   5   6   6   5   6   6   5   20   0  19   5
  2  0    6   6   6   6   6   6   6   6   6   5   5   6   6   5   6   6   5   6   6   5   20   0  19   5
  2  0    6   6   6   6   6   6   6   6   6   5   5   6   6   5   6   6   5   6   8   5   20   0  19   5
  2  0    6   6   6   6   6   6   6   6   6   5   5   6   8   5   6   6   5   6   8   5   20   0  19   5
  2  0    8   6   6   6   6   6   6   6   6   5   5   6   8   5   6   6   5   6   8   5   20   0  19   5
  2  0    8   6   6   6   8   6   6   6   6   5   5   6   8   5   6   6   5   6   8   5   20   0  19   5
  2  0    8   6   6   6   8   6   6   6   6   5   5   6   8   5   6   6   5   8   8   5   20   0  19   5
  2  0    8   6   6   6   8   6   6   6   6   5   5   6   8   5   6   8   5   8   8   5   20   0  19   5
  2  0    8   6   6   8   8   6   6   6   6   5   5   6   8   5   6   8   5   8   8   5   20   0  19   5
  2  0    8   6   6   8   8   6   6   6   6   5   5   6   8   5   8   8   5   8   8   5   20   0  19   5
  2  0    8   6   6   8   8   6   6   6   8   5   5   6   8   5   8   8   5   8   8   5   20   0  19   5
  2  0    8   8   6   8   8   6   6   6   8   5   5   6   8   5   8   8   5   8   8   5   20   0  19   5
  2  0    8   8   8   8   8   6   6   6   8   5   5   6   8   5   8   8   5   8   8   5   20   0  19   5
  2  0    8   8   8   8   8   6   6   8   8   5   5   6   8   5   8   8   5   8   8   5   20   0  19   5
  2  0    8   8   8   8   8   6   8   8   8   5   5   6   8   5   8   8   5   8   8   5   20   0  19   5
  2  0    8   8   8   8   8   7   8   8   8   5   5   6   8   5   8   8   5   8   8   5   20   0  19   5
  2  0    8   8   8   8   8   8   8   8   8   5   5   6   8   5   8   8   5   8   8   5   20   0  19   5
  2  0    8   8   8   8   8   8   8   8   8   5   5   8   8   5   8   8   5   8   8   5   20   0  19   5
  2  0    8   8   8   8   8   8   8   8   8   5   5   8   8   5   8   8   6   8   8   5   20   0  19   5
  2  0    8   8   8   8   8   8   8   8   8   5   6   8   8   5   8   8   6   8   8   5   20   0  19   5
  2  0    8   8   8   8   8   8   8   8   8   5   6   8   8   5   8   8   6   8   8   5   20   0  19   5
  2  3    8   8   8   8   8   8   8   8   8   5   6   8   8   5   8   8   6   8   8   5   20   0  19   5
  2  3    8   8   8   8   8   8   8   8   8   5   6   8   8   5   8   8   8   8   8   5   20   0  19   5
  2  3    8   8   8   8   8   8   8   8   8   5   8   8   8   5   8   8   8   8   8   5   20   0  19   5
  2  3    8   8   8   8   8   8   8   8   8   6   8   8   8   5   8   8   8   8   8   5   20   0  19   5
  2  3    8   8   8   8   8   8   8   8   8   8   8   8   8   5   8   8   8   8   8   5   20   0  19   5
  2  3    8   8   8   8   8   8   8   8   8   8   8   8   8   5   8   8   8   8   8   6   20   0  19   5
  2  3    8   8   8   8   8   8   8   8   8   8   8   8   8   5   8   8   8   8   8   8   20   0  19   5
  2  3    8   8   8   8   8   8   8   8   8   8   8   8   8   6   8   8   8   8   8   8   20   0  19   5
  2  3    8   8   8   8   8   8   8   8   8   8   8   8   8   8   8   8   8   8   8   8   20   0  19   5
