
                               Restaurant - Description of the internal state

 CH WT  C00 C01 C02 C03 C04 C05 C06 C07 C08 C09 C10 C11 C12 C13 C14 C15 C16 C17 C18 C19  ATT FIE 1st las
  0  0    1   1   1   1   1   1   1   1   1   1   1   1   1   1   1   1   1   1   1   1    0   0   0  -1
  0  0    1   1   1   1   1   1   1   1   1   1   2   1   1   1   1   1   1   1   1   1    1   0  10  -1
  0  0    1   1   1   1   1   1   1   1   1   1   2   1   1   1   1   1   1   2   1   1    2   0  10  -1
  0  0    1   1   1   1   1   1   1   1   1   1   2   1   1   2   1   1   1   2   1   1    3   0  10  -1
  0  0    1   1   1   1   1   1   1   1   1   2   2   1   1   2   1   1   1   2   1   1    4   0  10  -1
  0  0    1   1   1   1   1   1   1   1   1   2   2   1   1   2   1   1   2   2   1   1    5   0  10  -1
  0  0    1   1   1   1   1   1   1   1   1   2   2   1   2   2   1   1   2   2   1   1    6   0  10  -1
  0  0    1   1   1   1   1   1   1   1   1   2   2   1   2   2   1   1   2   2   1   2    7   0  10  -1
  0  0    1   1   1   1   1   1   1   1   2   2   2   1   2   2   1   1   2   2   1   2    8   0  10  -1
  0  0    1   1   1   1   1   1   1   1   2   2   2   1   2   2   1   2   2   2   1   2    9   0  10  -1
  0  0    1   1   1   1   2   1   1   1   2   2   2   1   2   2   1   2   2   2   1   2   10   0  10  -1
  0  0    1   1   1   1   2   1   1   1   2   2   2   2   2   2   1   2   2   2   1   2   11   0  10  -1
  0  0    1   1   1   1   2   1   1   1   2   2   2   2   2   2   1   2   2   2   2   2   12   0  10  -1
  0  0    1   1   1   1   2   1   1   1   2   2   2   2   2   2   2   2   2   2   2   2   13   0  10  -1
  0  0    1   1   1   2   2   1   1   1   2   2   2   2   2   2   2   2   2   2   2   2   14   0  10  -1
  0  0    1   1   1   2   2   1   2   1   2   2   2   2   2   2   2   2   2   2   2   2   15   0  10  -1
  0  0    1   1   2   2   2   1   2   1   2   2   2   2   2   2   2   2   2   2   2   2   16   0  10  -1
  0  0    1   1   2   2   2   2   2   1   2   2   2   2   2   2   2   2   2   2   2   2   17   0  10  -1
  0  0    1   2   2   2   2   2   2   1   2   2   2   2   2   2   2   2   2   2   2   2   18   0  10  -1
  0  0    1   2   2   2   2   2   2   2   2   2   2   2   2   2   2   2   2   2   2   2   19   0  10  -1
  0  0    2   2   2   2   2   2   2   2   2   2   2   2   2   2   2   2   2   2   2   2   20   0  10   0
  0  0    2   2   2   2   2   2   2   2   2   2   3   2   2   2   2   2   2   2   2   2   20   0  10   0
  0  0    2   2   2   2   2   2   2   2   2   2   3   2   2   2   2   2   2   4   2   2   20   0  10   0
  0  0    2   2   2   2   2   2   2   2   2   2   3   2   2   4   2   2   2   4   2   2   20   0  10   0
  0  0    2   2   2   2   2   2   2   2   2   4   3   2   2   4   2   2   2   4   2   2   20   0  10   0
  0  0    2   2   2   2   2   2   2   2   2   4   3   2   2   4   2   2   4   4   2   2   20   0  10   0
  0  0    2   2   2   2   2   2   2   2   2   4   3   2   4   4   2   2   4   4   2   2   20   0  10   0
  0  0    2   2   2   2   2   2   2   2   2   4   3   2   4   4   2   2   4   4   2   4   20   0  10   0
  0  0    2   2   2   2   2   2   2   2   4   4   3   2   4   4   2   2   4   4   2   4   20   0  10   0
  0  0    2   2   2   2   2   2   2   2   4   4   3   2   4   4   2   4   4   4   2   4   20   0  10   0
  0  0    2   2   2   2   4   2   2   2   4   4   3   2   4   4   2   4   4   4   2   4   20   0  10   0
  0  0    2   2   2   2   4   2   2   2   4   4   3   4   4   4   2   4   4   4   2   4   20   0  10   0
  0  0    2   2   2   2   4   2   2   2   4   4   3   4   4   4   2   4   4   4   4   4   20   0  10   0
  0  0    2   2   2   2   4   2   2   2   4   4   3   4   4   4   4   4   4   4   4   4   20   0  10   0
  0  0    2   2   2   4   4   2   2   2   4   4   3   4   4   4   4   4   4   4   4   4   20   0  10   0
  0  0    2   2   2   4   4   2   4   2   4   4   3   4   4   4   4   4   4   4   4   4   20   0  10   0
  0  0    2   2   4   4   4   2   4   2   4   4   3   4   4   4   4   4   4   4   4   4   20   0  10   0
  0  0    4   2   4   4   4   2   4   2   4   4   3   4   4   4   4   4   4   4   4   4   20   0  10   0
  0  0    4   4   4   4   4   2   4   2   4   4   3   4   4   4   4   4   4   4   4   4   20   0  10   0
  0  0    4   4   4   4   4   2   4   4   4   4   3   4   4   4   4   4   4   4   4   4   20   0  10   0
  0  0    4   4   4   4   4   4   4   4   4   4   3   4   4   4   4   4   4   4   4   4   20   0  10   0
  0  0    4   4   4   4   4   4   4   4   4   4   4   4   4   4   4   4   4   4   4   4   20   0  10   0
  0  1    4   4   4   4   4   4   4   4   4   4   4   4   4   4   4   4   4   4   4   4   20   0  10   0
  0  0    4   4   4   4   4   4   4   4   4   4   4   4   4   4   4   4   4   4   4   4   20   0  10   0
  0  0    4   4   4   4   4   4   4   4   4   4   4   4   4   4   4   4   4   4   4   4   20   0  10   0
  1  0    4   4   4   4   4   4   4   4   4   4   4   4   4   4   4   4   4   4   4   4   20   0  10   0
  2  0    4   4   4   4   4   4   4   4   4   4   4   4   4   4   4   4   4   4   4   4   20   0  10   0
  2  2    4   4   4   4   4   4   4   4   4   4   4   4   4   4   4   4   4   4   4   4   20   0  10   0
  2  2    4   4   4   4   4   4   4   4   4   4   4   4   4   4   4   4   4   5   4   4   20   0  10   0
  2  2    4   4   4   4   4   4   4   4   4   4   4   4   4   5   4   4   4   5   4   4   20   0  10   0
  2  2    4   4   4   4   4   4   4   4   4   5   4   4   4   5   4   4   4   5   4   4   20   0  10   0
  2  2    4   4   4   4   4   4   4   4   4   5   4   4   4   5   4   4   5   5   4   4   20   0  10   0
  2  2    4   4   4   4   4   4   4   4   4   5   4   4   5   5   4   4   5   5   4   4   20   0  10   0
  2  2    4   4   4   4   4   4   4   4   4   5   4   4   5   5   4   4   5   5   4   5   20   0  10   0
  2  2    4   4   4   4   4   4   4   4   4   5   4   4   5   5   4   5   5   5   4   5   20   0  10   0
  2  2    4   4   4   4   4   4   4   4   5   5   4   4   5   5   4   5   5   5   4   5   20   0  10   0
  2  2    4   4   4   4   5   4   4   4   5   5   4   4   5   5   4   5   5   5   4   5   20   0  10   0
  2  2    4   4   4   4   5   4   4   4   5   5   4   5   5   5   4   5   5   5   4   5   20   0  10   0
  2  2    4   4   4   4   5   4   4   4   5   5   4   5   5   5   4   5   5   5   5   5   20   0  10   0
  2  2    4   4   4   4   5   4   4   4   5   5   4   5   5   5   5   5   5   5   5   5   20   0  10   0
  2  2    4   4   4   5   5   4   4   4   5   5   4   5   5   5   5   5   5   5   5   5   20   0  10   0
  2  2    4   4   4   5   5   4   5   4   5   5   4   5   5   5   5   5   5   5   5   5   20   0  10   0
  2  2    4   4   5   5   5   4   5   4   5   5   4   5   5   5   5   5   5   5   5   5   20   0  10   0
  2  2    5   4   5   5   5   4   5   4   5   5   4   5   5   5   5   5   5   5   5   5   20   0  10   0
  2  2    5   5   5   5   5   4   5   4   5   5   4   5   5   5   5   5   5   5   5   5   20   0  10   0
  2  2    5   5   5   5   5   4   5   5   5   5   4   5   5   5   5   5   5   5   5   5   20   0  10   0
  2  0    5   5   5   5   5   4   5   5   5   5   4   5   5   5   5   5   5   5   5   5   20   0  10   0
  2  0    5   5   5   5   5   4   5   5   5   5   5   5   5   5   5   5   5   5   5   5   20   0  10   0
  2  0    5   5   5   5   5   5   5   5   5   5   5   5   5   5   5   5   5   5   5   5   20   0  10   0
  2  0    5   5   5   5   5   5   5   5   5   5   5   5   5   5   5   6   5   5   5   5   20   1  10   0
  2  0    5   5   5   5   5   5   5   5   5   6   5   5   5   5   5   6   5   5   5   5   20   2  10   0
  2  0    5   5   5   6   5   5   5   5   5   6   5   5   5   5   5   6   5   5   5   5   20   3  10   0
  2  0    5   5   5   6   5   5   5   5   5   6   5   5   5   5   6   6   5   5   5   5   20   4  10   0
  2  0    5   5   5   6   5   5   5   5   6   6   5   5   5   5   6   6   5   5   5   5   20   5  10   0
  2  0    5   5   6   6   5   5   5   5   6   6   5   5   5   5   6   6   5   5   5   5   20   6  10   0
  2  0    5   5   6   6   5   5   5   5   6   6   5   5   5   6   6   6   5   5   5   5   20   7  10   0
  2  0    5   5   6   6   5   5   5   6   6   6   5   5   5   6   6   6   5   5   5   5   20   8  10   0
  2  0    5   6   6   6   5   5   5   6   6   6   5   5   5   6   6   6   5   5   5   5   20   9  10   0
  2  0    5   6   6   6   5   5   5   6   6   6   5   5   6   6   6   6   5   5   5   5   20  10  10   0
  2  0    5   6   6   6   5   6   5   6   6   6   5   5   6   6   6   6   5   5   5   5   20  11  10   0
  2  0    5   6   6   6   5   6   5   6   6   6   5   5   6   6   6   6   6   5   5   5   20  12  10   0
  2  0    5   6   6   6   5   6   5   6   6   6   6   5   6   6   6   6   6   5   5   5   20  13  10   0
  2  0    5   6   6   6   5   6   5   6   6   6   6   5   6   6   6   6   6   5   5   6   20  14  10   0
  2  0    5   6   6   6   5   6   5   6   6   6   6   5   6   6   6   6   6   5   6   6   20  15  10   0
  2  0    5   6   6   6   5   6   6   6   6   6   6   5   6   6   6   6   6   5   6   6   20  16  10   0
  2  0    6   6   6   6   5   6   6   6   6   6   6   5   6   6   6   6   6   5   6   6   20  17  10   0
  2  0    6   6   6   6   5   6   6   6   6   6   6   5   6   6   6   8   6   5   6   6   20  17  10   0
  2  0    6   6   6   6   5   6   6   6   6   8   6   5   6   6   6   8   6   5   6   6   20  17  10   0
  2  0    6   6   6   8   5   6   6   6   6   8   6   5   6   6   6   8   6   5   6   6   20  17  10   0
  2  0    6   6   6   8   5   6   6   6   6   8   6   5   6   6   8   8   6   5   6   6   20  17  10   0
  2  0    6   6   6   8   5   6   6   6   8   8   6   5   6   6   8   8   6   5   6   6   20  17  10   0
  2  0    6   6   8   8   5   6   6   6   8   8   6   5   6   6   8   8   6   5   6   6   20  17  10   0
  2  0    6   6   8   8   5   6   6   6   8   8   6   5   6   8   8   8   6   5   6   6   20  17  10   0
  2  0    6   6   8   8   5   6   6   8   8   8   6   5   6   8   8   8   6   5   6   6   20  17  10   0
  2  0    6   6   8   8   5   6   6   8   8   8   6   5   8   8   8   8   6   5   6   6   20  17  10   0
  2  0    6   8   8   8   5   6   6   8   8   8   6   5   8   8   8   8   6   5   6   6   20  17  10   0
  2  0    6   8   8   8   5   8   6   8   8   8   6   5   8   8   8   8   6   5   6   6   20  17  10   0
  2  0    6   8   8   8   5   8   6   8   8   8   6   5   8   8   8   8   8   5   6   6   20  17  10   0
  2  0    6   8   8   8   5   8   6   8   8   8   8   5   8   8   8   8   8   5   6   6   20  17  10   0
  2  0    6   8   8   8   5   8   6   8   8   8   8   5   8   8   8   8   8   5   6   8   20  17  10   0
  2  0    6   8   8   8   5   8   6   8   8   8   8   5   8   8   8   8   8   5   8   8   20  17  10   0
  2  0    7   8   8   8   5   8   6   8   8   8   8   5   8   8   8   8   8   5   8   8   20  17  10   0
  2  0    8   8   8   8   5   8   6   8   8   8   8   5   8   8   8   8   8   5   8   8   20  17  10   0
  2  0    8   8   8   8   5   8   8   8   8   8   8   5   8   8   8   8   8   5   8   8   20  17  10   0
  2  0    8   8   8   8   5   8   8   8   8   8   8   5   8   8   8   8   8   6   8   8   20  18  10   0
  2  0    8   8   8   8   5   8   8   8   8   8   8   6   8   8   8   8   8   6   8   8   20  19  10   0
  2  0    8   8   8   8   5   8   8   8   8   8   8   6   8   8   8   8   8   6   8   8   20  19  10   0
  2  3    8   8   8   8   5   8   8   8   8   8   8   6   8   8   8   8   8   6   8   8   20  19  10   0
  2  3    8   8   8   8   5   8   8   8   8   8   8   6   8   8   8   8   8   8   8   8   20  19  10   0
  2  3    8   8   8   8   5   8   8   8   8   8   8   8   8   8   8   8   8   8   8   8   20  19  10   0
  2  3    8   8   8   8   6   8   8   8   8   8   8   8   8   8   8   8   8   8   8   8   20  20  10   0
  2  3    8   8   8   8   8   8   8   8   8   8   8   8   8   8   8   8   8   8   8   8   20  20  10   0
