
[34;1mRun n.ยบ 1[0m

[34;1mRun n.ยบ 1[0m
                               Restaurant - Description of the internal state

 CH WT  C00 C01 C02 C03 C04 C05 C06 C07 C08 C09 C10 C11 C12 C13 C14 C15 C16 C17 C18 C19  ATT FIE 1st las
  0  0    1   1   1   1   1   1   1   1   1   1   1   1   1   1   1   1   1   1   1   1    0   0   0  -1
  0  0    1   1   1   1   1   1   1   1   1   1   1   1   2   1   1   1   1   1   1   1    1   0  12  -1
  0  0    1   1   1   1   1   1   1   1   1   1   1   1   2   1   1   1   1   1   1   2    2   0  12  -1
  0  0    1   1   1   1   1   1   1   1   1   1   1   1   2   1   1   2   1   1   1   2    3   0  12  -1
  0  0    1   1   1   1   1   1   1   1   1   1   1   2   2   1   1   2   1   1   1   2    4   0  12  -1
  0  0    1   1   1   1   1   1   1   1   1   1   1   2   2   1   1   2   1   1   2   2    5   0  12  -1
  0  0    1   1   1   1   2   1   1   1   1   1   1   2   2   1   1   2   1   1   2   2    6   0  12  -1
  0  0    1   1   1   1   2   1   1   2   1   1   1   2   2   1   1   2   1   1   2   2    7   0  12  -1
  0  0    1   1   1   1   2   1   1   2   1   1   1   2   2   1   2   2   1   1   2   2    8   0  12  -1
  0  0    1   1   1   2   2   1   1   2   1   1   1   2   2   1   2   2   1   1   2   2    9   0  12  -1
  0  0    1   1   1   2   2   1   1   2   1   1   2   2   2   1   2   2   1   1   2   2   10   0  12  -1
  0  0    1   1   1   2   2   1   1   2   1   1   2   2   2   2   2   2   1   1   2   2   11   0  12  -1
  0  0    1   1   1   2   2   1   1   2   1   2   2   2   2   2   2   2   1   1   2   2   12   0  12  -1
  0  0    1   1   1   2   2   1   1   2   1   2   2   2   2   2   2   2   2   1   2   2   13   0  12  -1
  0  0    1   1   1   2   2   2   1   2   1   2   2   2   2   2   2   2   2   1   2   2   14   0  12  -1
  0  0    1   1   1   2   2   2   1   2   2   2   2   2   2   2   2   2   2   1   2   2   15   0  12  -1
  0  0    1   2   1   2   2   2   1   2   2   2   2   2   2   2   2   2   2   1   2   2   16   0  12  -1
  0  0    2   2   1   2   2   2   1   2   2   2   2   2   2   2   2   2   2   1   2   2   17   0  12  -1
  0  0    2   2   1   2   2   2   1   2   2   2   2   2   2   2   2   2   2   2   2   2   18   0  12  -1
  0  0    2   2   1   2   2   2   2   2   2   2   2   2   2   2   2   2   2   2   2   2   19   0  12  -1
  0  0    2   2   2   2   2   2   2   2   2   2   2   2   2   2   2   2   2   2   2   2   20   0  12   2
  0  0    2   2   4   2   2   2   2   2   2   2   2   2   3   2   2   2   2   2   2   2   20   0  12   2
  0  0    2   2   4   2   2   2   2   2   2   2   2   2   3   2   2   2   2   2   2   4   20   0  12   2
  0  0    2   2   4   2   2   2   2   2   2   2   2   2   3   2   2   4   2   2   2   4   20   0  12   2
  0  0    2   2   4   2   2   2   2   2   2   2   2   4   3   2   2   4   2   2   2   4   20   0  12   2
  0  0    2   2   4   2   2   2   2   2   2   2   2   4   3   2   2   4   2   2   4   4   20   0  12   2
  0  0    2   2   4   2   4   2   2   2   2   2   2   4   3   2   2   4   2   2   4   4   20   0  12   2
  0  0    2   2   4   2   4   2   2   4   2   2   2   4   3   2   2   4   2   2   4   4   20   0  12   2
  0  0    2   2   4   2   4   2   2   4   2   2   2   4   3   2   4   4   2   2   4   4   20   0  12   2
  0  0    2   2   4   4   4   2   2   4   2   2   2   4   3   2   4   4   2   2   4   4   20   0  12   2
  0  0    2   2   4   4   4   2   2   4   2   2   4   4   3   2   4   4   2   2   4   4   20   0  12   2
  0  0    2   2   4   4   4   2   2   4   2   2   4   4   3   4   4   4   2   2   4   4   20   0  12   2
  0  0    2   2   4   4   4   2   2   4   2   4   4   4   3   4   4   4   2   2   4   4   20   0  12   2
  0  0    2   2   4   4   4   2   2   4   2   4   4   4   3   4   4   4   4   2   4   4   20   0  12   2
  0  0    2   2   4   4   4   4   2   4   2   4   4   4   3   4   4   4   4   2   4   4   20   0  12   2
  0  0    2   2   4   4   4   4   2   4   4   4   4   4   3   4   4   4   4   2   4   4   20   0  12   2
  0  0    4   2   4   4   4   4   2   4   4   4   4   4   3   4   4   4   4   2   4   4   20   0  12   2
  0  0    4   4   4   4   4   4   2   4   4   4   4   4   3   4   4   4   4   2   4   4   20   0  12   2
  0  0    4   4   4   4   4   4   2   4   4   4   4   4   3   4   4   4   4   2   4   4   20   0  12   2
  0  0    4   4   4   4   4   4   2   4   4   4   4   4   3   4   4   4   4   4   4   4   20   0  12   2
  0  0    4   4   4   4   4   4   4   4   4   4   4   4   3   4   4   4   4   4   4   4   20   0  12   2
  0  1    4   4   4   4   4   4   4   4   4   4   4   4   3   4   4   4   4   4   4   4   20   0  12   2
  0  0    4   4   4   4   4   4   4   4   4   4   4   4   3   4   4   4   4   4   4   4   20   0  12   2
  0  0    4   4   4   4   4   4   4   4   4   4   4   4   4   4   4   4   4   4   4   4   20   0  12   2
  1  0    4   4   4   4   4   4   4   4   4   4   4   4   4   4   4   4   4   4   4   4   20   0  12   2
  2  0    4   4   4   4   4   4   4   4   4   4   4   4   4   4   4   4   4   4   4   4   20   0  12   2
  2  2    4   4   4   4   4   4   4   4   4   4   4   4   4   4   4   4   4   4   4   4   20   0  12   2
  2  2    4   4   4   4   4   4   4   4   4   4   4   4   4   4   4   4   4   4   4   5   20   0  12   2
  2  2    4   4   4   4   4   4   4   4   4   4   4   4   4   4   4   5   4   4   4   5   20   0  12   2
  2  2    4   4   4   4   4   4   4   4   4   4   4   4   4   4   4   5   4   4   5   5   20   0  12   2
  2  2    4   4   4   4   5   4   4   4   4   4   4   4   4   4   4   5   4   4   5   5   20   0  12   2
  2  2    4   4   4   4   5   4   4   4   4   4   4   5   4   4   4   5   4   4   5   5   20   0  12   2
  2  2    4   4   4   4   5   4   4   5   4   4   4   5   4   4   4   5   4   4   5   5   20   0  12   2
  2  2    4   4   4   4   5   4   4   5   4   4   4   5   4   4   5   5   4   4   5   5   20   0  12   2
  2  2    4   4   4   5   5   4   4   5   4   4   4   5   4   4   5   5   4   4   5   5   20   0  12   2
  2  2    4   4   4   5   5   4   4   5   4   4   5   5   4   4   5   5   4   4   5   5   20   0  12   2
  2  2    4   4   4   5   5   4   4   5   4   4   5   5   4   5   5   5   4   4   5   5   20   0  12   2
  2  2    4   4   4   5   5   4   4   5   4   5   5   5   4   5   5   5   4   4   5   5   20   0  12   2
  2  2    4   4   4   5   5   4   4   5   4   5   5   5   4   5   5   5   5   4   5   5   20   0  12   2
  2  2    4   4   4   5   5   5   4   5   4   5   5   5   4   5   5   5   5   4   5   5   20   0  12   2
  2  2    4   4   4   5   5   5   4   5   5   5   5   5   4   5   5   5   5   4   5   5   20   0  12   2
  2  2    5   4   4   5   5   5   4   5   5   5   5   5   4   5   5   5   5   4   5   5   20   0  12   2
  2  2    5   5   4   5   5   5   4   5   5   5   5   5   4   5   5   5   5   4   5   5   20   0  12   2
  2  2    5   5   5   5   5   5   4   5   5   5   5   5   4   5   5   5   5   4   5   5   20   0  12   2
  2  2    5   5   5   5   5   5   4   5   5   5   5   5   4   5   5   5   5   5   5   5   20   0  12   2
  2  2    5   5   5   5   5   5   5   5   5   5   5   5   4   5   5   5   5   5   5   5   20   0  12   2
  2  0    5   5   5   5   5   5   5   5   5   5   5   5   4   5   5   5   5   5   5   5   20   0  12   2
  2  0    5   5   5   5   5   5   5   5   5   5   5   5   5   5   5   5   5   5   5   5   20   0  12   2
  2  0    5   5   5   5   5   5   5   5   5   5   5   5   5   5   5   6   5   5   5   5   20   1  12   2
  2  0    5   5   5   5   5   5   5   5   5   6   5   5   5   5   5   6   5   5   5   5   20   2  12   2
  2  0    5   5   5   6   5   5   5   5   5   6   5   5   5   5   5   6   5   5   5   5   20   3  12   2
  2  0    5   5   5   6   5   5   5   5   5   6   5   5   5   5   5   6   5   5   5   6   20   4  12   2
  2  0    5   5   5   6   5   5   5   6   5   6   5   5   5   5   5   6   5   5   5   6   20   5  12   2
  2  0    5   5   5   6   5   5   5   6   5   6   5   5   6   5   5   6   5   5   5   6   20   6  12   2
  2  0    5   5   5   6   5   5   6   6   5   6   5   5   6   5   5   6   5   5   5   6   20   7  12   2
  2  0    5   5   5   6   5   5   6   6   5   6   5   5   6   5   5   6   5   6   5   6   20   8  12   2
  2  0    5   5   5   6   5   6   6   6   5   6   5   5   6   5   5   6   5   6   5   6   20   9  12   2
  2  0    5   5   5   6   5   6   6   6   5   6   5   5   6   5   5   6   6   6   5   6   20  10  12   2
  2  0    5   5   5   6   5   6   6   6   5   6   6   5   6   5   5   6   6   6   5   6   20  11  12   2
  2  0    5   5   5   6   5   6   6   6   5   6   6   5   6   5   6   6   6   6   5   6   20  12  12   2
  2  0    5   5   5   6   5   6   6   6   6   6   6   5   6   5   6   6   6   6   5   6   20  13  12   2
  2  0    5   5   6   6   5   6   6   6   6   6   6   5   6   5   6   6   6   6   5   6   20  14  12   2
  2  0    5   5   6   6   5   6   6   6   6   6   6   5   6   6   6   6   6   6   5   6   20  15  12   2
  2  0    5   6   6   6   5   6   6   6   6   6   6   5   6   6   6   6   6   6   5   6   20  16  12   2
  2  0    5   6   6   6   5   6   6   6   6   6   6   5   6   6   6   6   6   6   6   6   20  17  12   2
  2  0    6   6   6   6   5   6   6   6   6   6   6   5   6   6   6   6   6   6   6   6   20  18  12   2
  2  0    6   6   6   6   5   6   6   6   6   6   6   6   6   6   6   6   6   6   6   6   20  19  12   2
  2  0    6   6   6   6   6   6   6   6   6   6   6   6   6   6   6   6   6   6   6   6   20  20  12   2
  2  0    6   6   6   6   6   6   6   6   6   6   6   6   6   6   6   8   6   6   6   6   20  20  12   2
  2  0    6   6   6   6   6   6   6   6   6   8   6   6   6   6   6   8   6   6   6   6   20  20  12   2
  2  0    6   6   6   8   6   6   6   6   6   8   6   6   6   6   6   8   6   6   6   6   20  20  12   2
  2  0    6   6   6   8   6   6   6   6   6   8   6   6   6   6   6   8   6   6   6   8   20  20  12   2
  2  0    6   6   6   8   6   6   6   8   6   8   6   6   6   6   6   8   6   6   6   8   20  20  12   2
  2  0    6   6   6   8   6   6   6   8   6   8   6   6   8   6   6   8   6   6   6   8   20  20  12   2
  2  0    6   6   6   8   6   6   8   8   6   8   6   6   8   6   6   8   6   6   6   8   20  20  12   2
  2  0    6   6   6   8   6   6   8   8   6   8   6   6   8   6   6   8   6   8   6   8   20  20  12   2
  2  0    6   6   6   8   6   8   8   8   6   8   6   6   8   6   6   8   6   8   6   8   20  20  12   2
  2  0    6   6   6   8   6   8   8   8   6   8   8   6   8   6   6   8   6   8   6   8   20  20  12   2
  2  0    6   6   6   8   6   8   8   8   6   8   8   6   8   6   6   8   8   8   6   8   20  20  12   2
  2  0    6   6   6   8   6   8   8   8   6   8   8   6   8   6   8   8   8   8   6   8   20  20  12   2
  2  0    6   6   6   8   6   8   8   8   8   8   8   6   8   6   8   8   8   8   6   8   20  20  12   2
  2  0    6   6   7   8   6   8   8   8   8   8   8   6   8   6   8   8   8   8   6   8   20  20  12   2
  2  0    6   6   7   8   6   8   8   8   8   8   8   6   8   8   8   8   8   8   6   8   20  20  12   2
  2  0    6   8   7   8   6   8   8   8   8   8   8   6   8   8   8   8   8   8   6   8   20  20  12   2
  2  0    6   8   7   8   6   8   8   8   8   8   8   6   8   8   8   8   8   8   8   8   20  20  12   2
  2  0    8   8   7   8   6   8   8   8   8   8   8   6   8   8   8   8   8   8   8   8   20  20  12   2
  2  0    8   8   7   8   6   8   8   8   8   8   8   8   8   8   8   8   8   8   8   8   20  20  12   2
  2  0    8   8   7   8   8   8   8   8   8   8   8   8   8   8   8   8   8   8   8   8   20  20  12   2
  2  0    8   8   8   8   8   8   8   8   8   8   8   8   8   8   8   8   8   8   8   8   20  20  12   2
  2  3    8   8   8   8   8   8   8   8   8   8   8   8   8   8   8   8   8   8   8   8   20  20  12   2
